02 53 30 32 32 37 30 31 30 33 32 30 31 2D 30 31 30 31 36 30 34 30 37 31 31 32 35 32 30 30 33 35 30 39 35 31 35 31 30 2E 30 36 30 36 30 2E 30 39 34 35 30 2E 37 32 38 39 30 30 31 2E 39 36 34 30 30 39 2E 34 32 39 31 34 35 2E 37 36 32 30 31 2E 32 35 30 36 2E 30 30 39 32 2E 37 35 30 34 32 2E 30 37 30 36 2E 39 35 32 35 30 30 2E 30 35 30 39 30 2E 30 35 30 39 30 2E 30 35 30 39 30 2E 30 35 30 39 30 2E 30 35 31 34 30 2E 30 35 31 32 30 2E 30 35 30 37 30 2E 30 35 31 34 30 2E 30 35 31 31 30 2E 30 35 30 35 30 2E 30 35 31 31 30 2E 30 35 30 39 30 2E 30 35 30 39 30 2E 30 35 30 38 30 2E 30 35 31 30 30 2E 30 35 30 35 30 2E 30 35 30 30 30 2E 30 35 30 33 30 2E 30 34 39 36 30 2E 30 34 39 37 30 2E 30 35 30 33 30 2E 30 34 39 37 30 2E 30 34 39 36 30 2E 30 35 30 36 30 2E 30 35 30 37 30 2E 30 35 31 30 30 2E 30 35 32 32 30 2E 30 35 32 35 30 2E 30 35 33 30 30 2E 30 35 33 38 30 2E 30 35 34 34 30 2E 30 35 35 31 30 2E 30 35 36 30 30 2E 30 35 36 38 30 2E 30 35 37 32 30 2E 30 35 38 30 30 2E 30 35 38 35 30 2E 30 35 39 30 30 2E 30 35 39 31 30 2E 30 35 39 36 30 2E 30 35 39 36 30 2E 30 36 30 30 30 2E 30 36 30 34 30 2E 30 36 30 33 30 2E 30 35 39 38 30 2E 30 36 30 30 30 2E 30 35 39 35 30 2E 30 35 39 34 30 2E 30 35 39 38 30 2E 30 35 39 35 30 2E 30 35 39 35 30 2E 30 35 39 37 30 2E 30 35 39 35 30 2E 30 35 39 35 30 2E 30 35 39 37 30 2E 30 35 39 36 30 2E 30 35 39 37 30 2E 30 35 39 39 30 2E 30 35 39 34 30 2E 30 35 39 35 30 2E 30 35 39 35 30 2E 30 35 39 30 30 2E 30 35 38 37 30 2E 30 35 38 38 30 2E 30 35 38 35 30 2E 30 35 38 34 30 2E 30 35 38 32 30 2E 30 35 38 30 30 2E 30 35 37 38 30 2E 30 35 37 35 30 2E 30 35 37 37 30 2E 30 35 37 36 30 2E 30 35 37 36 30 2E 30 35 37 38 30 2E 30 35 37 32 30 2E 30 35 37 32 30 2E 30 35 37 33 30 2E 30 35 37 32 30 2E 30 35 36 39 30 2E 30 35 37 30 30 2E 30 35 37 32 30 2E 30 35 36 33 30 2E 30 35 36 35 30 2E 30 35 36 30 30 2E 30 35 36 37 30 2E 30 35 36 32 30 2E 30 35 36 32 30 2E 30 35 36 35 30 2E 30 35 36 31 30 2E 30 35 36 30 30 2E 30 35 36 37 30 2E 30 35 37 36 30 2E 30 35 37 38 30 2E 30 35 38 37 30 2E 30 35 39 39 30 2E 30 36 30 36 30 2E 30 36 32 36 30 2E 30 36 34 34 30 2E 30 36 36 30 30 2E 30 36 38 31 30 2E 30 37 30 32 30 2E 30 37 32 39 30 2E 30 37 35 32 30 2E 30 37 38 30 30 2E 30 38 30 35 30 2E 30 38 32 36 30 2E 30 38 34 38 30 2E 30 38 37 31 30 2E 30 38 38 34 30 2E 30 39 30 31 30 2E 30 39 31 38 30 2E 30 39 32 32 30 2E 30 39 32 37 30 2E 30 39 33 38 30 2E 30 39 33 37 30 2E 30 39 33 38 30 2E 30 39 34 35 30 2E 30 39 33 39 30 2E 30 39 33 34 30 2E 30 39 33 33 30 2E 30 39 32 36 30 2E 30 39 31 38 30 2E 30 39 30 36 30 2E 30 38 39 33 30 2E 30 38 38 34 30 2E 30 38 38 31 30 2E 30 38 36 35 30 2E 30 38 35 36 30 2E 30 38 34 39 30 2E 30 38 33 36 30 2E 30 38 32 38 30 2E 30 38 32 34 30 2E 30 38 31 30 30 2E 30 38 30 33 30 2E 30 37 39 37 30 2E 30 37 38 36 30 2E 30 37 37 38 30 2E 30 37 37 36 30 2E 30 37 37 33 30 2E 30 37 36 34 30 2E 30 37 35 38 30 2E 30 37 35 36 30 2E 30 37 34 39 30 2E 30 37 33 38 30 2E 30 37 32 34 30 2E 30 37 31 36 30 2E 30 37 33 31 30 2E 30 37 33 30 30 2E 30 37 31 37 30 2E 30 37 31 36 30 2E 30 37 31 35 30 2E 30 37 30 39 30 2E 30 37 30 35 30 2E 30 37 30 37 30 2E 30 37 30 30 30 2E 30 37 30 30 30 2E 30 37 
30 38 30 2E 30 37 30 33 30 2E 30 37 30 31 30 2E 30 37 31 32 30 2E 30 37 31 37 30 2E 30 37 32 38 30 
2E 30 37 35 32 30 2E 30 37 37 38 30 2E 30 38 32 35 30 2E 30 39 30 31 30 2E 30 39 38 30 30 2E 31 30 39 38 30 2E 31 32 35 39 30 2E 31 34 32 37 30 2E 31 36 38 34 30 2E 31 39 36 30 30 2E 32 32 37 34 30 2E 32 36 34 36 30 2E 33 30 37 35 30 2E 33 35 35 32 30 2E 34 31 
38 37 30 2E 34 38 32 34 30 2E 35 32 33 37 30 2E 35 37 30 39 30 2E 36 33 34 36 30 2E 36 36 37 35 30 2E 36 39 31 37 30 2E 37 30 38 36 30 2E 37 31 38 39 30 
2E 37 32 38 37 30 2E 37 31 38 39 30 2E 36 39 36 34 30 2E 36 36 39 36 30 2E 36 33 36 37 30 2E 35 39 39 34 30 2E 35 36 37 34 30 2E 35 33 32 33 30 2E 34 39 34 35 30 2E 34 35 39 32 30 2E 34 32 39 38 30 2E 33 39 35 30 30 2E 33 
36 37 31 30 2E 33 33 39 32 30 2E 33 31 38 38 30 2E 32 39 35 38 30 2E 32 37 34 35 30 2E 32 35 33 38 30 2E 32 33 38 31 30 2E 32 32 32 37 30 2E 32 31 30 37 30 2E 31 39 37 37 30 2E 31 38 33 33 30 2E 31 37 34 30 
30 2E 31 36 33 38 30 2E 31 35 34 33 30 2E 31 34 36 39 30 2E 31 33 39 31 30 2E 31 33 33 30 30 2E 31 32 36 33 30 2E 31 32 30 39 30 2E 31 31 36 33 30 2E 31 31 31 39 30 2E 31 30 38 30 30 2E 31 30 
35 30 30 2E 31 30 31 30 30 2E 30 39 38 31 30 2E 30 39 35 31 30 2E 30 39 31 33 30 2E 30 38 39 31 30 2E 30 38 36 36 30 2E 30 38 34 33 30 2E 30 38 32 38 30 2E 30 38 
30 33 30 2E 30 37 39 32 30 2E 30 37 38 32 30 2E 30 37 36 38 30 2E 30 37 35 34 30 2E 30 37 33 36 30 2E 30 37 32 39 30 2E 30 37 32 30 30 2E 30 37 30 34 30 2E 30 36 39 33 30 2E 30 36 38 36 30 2E 30 36 37 34 30 2E 30 36 36 
39 30 2E 30 36 36 32 30 2E 30 36 35 30 30 2E 30 36 33 38 30 2E 30 36 33 32 30 2E 30 36 32 34 30 2E 30 36 31 36 30 2E 30 36 30 39 30 2E 30 36 30 35 30 2E 30 36 30 32 30 03 
